              precision    recall  f1-score   support

           1       0.20      0.16      0.18       153
           2       0.03      0.04      0.04        23
           3       0.04      0.06      0.04        54
           4       0.04      0.04      0.04        51
           5       0.15      0.13      0.14       127
           6       0.09      0.09      0.09       129
           7       0.12      0.14      0.13       155
           8       0.18      0.19      0.18       291
           9       0.16      0.14      0.15       282
          10       0.57      0.57      0.57       837

    accuracy                           0.31      2102
   macro avg       0.16      0.16      0.16      2102
weighted avg       0.31      0.31      0.31      2102
              precision    recall  f1-score   support

           1       0.19      0.17      0.18       132
           2       0.02      0.03      0.02        40
           3       0.08      0.07      0.07        72
           4       0.00      0.00      0.00        56
           5       0.12      0.13      0.12       136
           6       0.10      0.12      0.11       143
           7       0.13      0.13      0.13       190
           8       0.22      0.19      0.20       319
           9       0.13      0.14      0.14       245
          10       0.58      0.58      0.58       769

    accuracy                           0.30      2102
   macro avg       0.16      0.16      0.16      2102
weighted avg       0.30      0.30      0.30      2102
              precision    recall  f1-score   support

           1       0.15      0.15      0.15       134
           2       0.00      0.00      0.00        34
           3       0.02      0.03      0.03        58
           4       0.12      0.12      0.12        65
           5       0.12      0.13      0.13       133
           6       0.07      0.07      0.07       143
           7       0.14      0.15      0.14       213
           8       0.15      0.15      0.15       309
           9       0.16      0.13      0.15       269
          10       0.56      0.57      0.56       744

    accuracy                           0.28      2102
   macro avg       0.15      0.15      0.15      2102
weighted avg       0.28      0.28      0.28      2102
              precision    recall  f1-score   support

           1       0.18      0.18      0.18       142
           2       0.06      0.04      0.05        45
           3       0.08      0.10      0.09        70
           4       0.10      0.10      0.10        71
           5       0.09      0.09      0.09       138
           6       0.11      0.12      0.11       146
           7       0.11      0.13      0.12       188
           8       0.17      0.15      0.16       305
           9       0.14      0.15      0.14       251
          10       0.55      0.52      0.53       746

    accuracy                           0.27      2102
   macro avg       0.16      0.16      0.16      2102
weighted avg       0.28      0.27      0.27      2102
