              precision    recall  f1-score   support

           1       0.17      0.14      0.16       153
           2       0.00      0.00      0.00        23
           3       0.05      0.07      0.06        54
           4       0.08      0.08      0.08        51
           5       0.11      0.12      0.12       127
           6       0.09      0.09      0.09       129
           7       0.11      0.11      0.11       155
           8       0.17      0.18      0.18       291
           9       0.15      0.15      0.15       282
          10       0.58      0.58      0.58       837

    accuracy                           0.31      2102
   macro avg       0.15      0.15      0.15      2102
weighted avg       0.31      0.31      0.31      2102
              precision    recall  f1-score   support

           1       0.16      0.16      0.16       132
           2       0.03      0.03      0.03        40
           3       0.08      0.07      0.08        72
           4       0.06      0.07      0.06        56
           5       0.10      0.10      0.10       136
           6       0.10      0.10      0.10       143
           7       0.11      0.12      0.11       190
           8       0.20      0.21      0.20       319
           9       0.14      0.14      0.14       245
          10       0.59      0.57      0.58       769

    accuracy                           0.30      2102
   macro avg       0.16      0.16      0.16      2102
weighted avg       0.30      0.30      0.30      2102
              precision    recall  f1-score   support

           1       0.21      0.18      0.19       134
           2       0.10      0.09      0.09        34
           3       0.03      0.05      0.04        58
           4       0.03      0.03      0.03        65
           5       0.06      0.07      0.06       133
           6       0.09      0.09      0.09       143
           7       0.12      0.12      0.12       213
           8       0.19      0.19      0.19       309
           9       0.15      0.14      0.15       269
          10       0.56      0.56      0.56       744

    accuracy                           0.28      2102
   macro avg       0.15      0.15      0.15      2102
weighted avg       0.28      0.28      0.28      2102
              precision    recall  f1-score   support

           1       0.22      0.19      0.21       142
           2       0.06      0.04      0.05        45
           3       0.06      0.07      0.06        70
           4       0.09      0.07      0.08        71
           5       0.12      0.12      0.12       138
           6       0.11      0.13      0.12       146
           7       0.12      0.12      0.12       188
           8       0.16      0.16      0.16       305
           9       0.12      0.14      0.13       251
          10       0.54      0.51      0.53       746

    accuracy                           0.27      2102
   macro avg       0.16      0.16      0.16      2102
weighted avg       0.28      0.27      0.27      2102
