              precision    recall  f1-score   support

           1       0.27      0.22      0.25       153
           2       0.10      0.04      0.06        23
           3       0.09      0.06      0.07        54
           4       0.09      0.06      0.07        51
           5       0.12      0.04      0.06       127
           6       0.12      0.05      0.08       129
           7       0.14      0.05      0.07       155
           8       0.22      0.31      0.26       291
           9       0.09      0.01      0.01       282
          10       0.56      0.89      0.69       837

    accuracy                           0.43      2102
   macro avg       0.18      0.17      0.16      2102
weighted avg       0.32      0.43      0.35      2102
              precision    recall  f1-score   support

           1       0.23      0.27      0.25       132
           2       0.14      0.05      0.07        40
           3       0.03      0.01      0.02        72
           4       0.09      0.02      0.03        56
           5       0.14      0.12      0.13       136
           6       0.16      0.08      0.10       143
           7       0.13      0.08      0.10       190
           8       0.22      0.28      0.24       319
           9       0.20      0.04      0.07       245
          10       0.57      0.85      0.68       769

    accuracy                           0.40      2102
   macro avg       0.19      0.18      0.17      2102
weighted avg       0.32      0.40      0.34      2102
              precision    recall  f1-score   support

           1       0.30      0.28      0.29       134
           2       0.25      0.06      0.10        34
           3       0.17      0.14      0.15        58
           4       0.19      0.06      0.09        65
           5       0.15      0.10      0.12       133
           6       0.21      0.10      0.13       143
           7       0.15      0.10      0.12       213
           8       0.20      0.27      0.23       309
           9       0.19      0.03      0.06       269
          10       0.56      0.85      0.67       744

    accuracy                           0.39      2102
   macro avg       0.24      0.20      0.20      2102
weighted avg       0.32      0.39      0.33      2102
              precision    recall  f1-score   support

           1       0.24      0.27      0.26       142
           2       0.00      0.00      0.00        45
           3       0.15      0.07      0.10        70
           4       0.14      0.04      0.07        71
           5       0.12      0.07      0.09       138
           6       0.08      0.05      0.06       146
           7       0.11      0.06      0.08       188
           8       0.21      0.28      0.24       305
           9       0.16      0.04      0.06       251
          10       0.57      0.85      0.68       746

    accuracy                           0.38      2102
   macro avg       0.18      0.17      0.16      2102
weighted avg       0.30      0.38      0.32      2102
