              precision    recall  f1-score   support

           1       0.28      0.23      0.25       153
           2       0.14      0.04      0.07        23
           3       0.12      0.07      0.09        54
           4       0.09      0.06      0.07        51
           5       0.16      0.06      0.08       127
           6       0.10      0.05      0.06       129
           7       0.11      0.04      0.06       155
           8       0.21      0.27      0.24       291
           9       0.13      0.01      0.02       282
          10       0.56      0.89      0.69       837

    accuracy                           0.42      2102
   macro avg       0.19      0.17      0.16      2102
weighted avg       0.32      0.42      0.34      2102
              precision    recall  f1-score   support

           1       0.27      0.29      0.28       132
           2       0.18      0.07      0.11        40
           3       0.11      0.04      0.06        72
           4       0.00      0.00      0.00        56
           5       0.13      0.10      0.11       136
           6       0.15      0.07      0.10       143
           7       0.11      0.08      0.09       190
           8       0.22      0.28      0.25       319
           9       0.18      0.03      0.06       245
          10       0.57      0.85      0.68       769

    accuracy                           0.40      2102
   macro avg       0.19      0.18      0.17      2102
weighted avg       0.31      0.40      0.34      2102
              precision    recall  f1-score   support

           1       0.30      0.27      0.28       134
           2       0.10      0.06      0.07        34
           3       0.16      0.17      0.17        58
           4       0.12      0.05      0.07        65
           5       0.15      0.08      0.11       133
           6       0.12      0.05      0.07       143
           7       0.15      0.09      0.11       213
           8       0.18      0.25      0.21       309
           9       0.13      0.02      0.04       269
          10       0.56      0.85      0.67       744

    accuracy                           0.38      2102
   macro avg       0.20      0.19      0.18      2102
weighted avg       0.30      0.38      0.32      2102
              precision    recall  f1-score   support

           1       0.28      0.30      0.29       142
           2       0.00      0.00      0.00        45
           3       0.14      0.07      0.09        70
           4       0.12      0.04      0.06        71
           5       0.16      0.09      0.11       138
           6       0.10      0.07      0.08       146
           7       0.11      0.07      0.09       188
           8       0.22      0.29      0.25       305
           9       0.14      0.03      0.05       251
          10       0.56      0.85      0.68       746

    accuracy                           0.39      2102
   macro avg       0.18      0.18      0.17      2102
weighted avg       0.30      0.39      0.33      2102
