              precision    recall  f1-score   support

           1       0.15      0.16      0.15       153
           2       0.00      0.00      0.00        23
           3       0.02      0.02      0.02        54
           4       0.03      0.02      0.02        51
           5       0.12      0.07      0.09       127
           6       0.09      0.05      0.06       129
           7       0.09      0.05      0.07       155
           8       0.17      0.15      0.16       291
           9       0.16      0.11      0.13       282
          10       0.48      0.65      0.55       837

    accuracy                           0.32      2102
   macro avg       0.13      0.13      0.12      2102
weighted avg       0.27      0.32      0.28      2102
              precision    recall  f1-score   support

           1       0.11      0.17      0.13       132
           2       0.00      0.00      0.00        40
           3       0.07      0.07      0.07        72
           4       0.06      0.04      0.04        56
           5       0.13      0.07      0.09       136
           6       0.11      0.08      0.09       143
           7       0.12      0.06      0.08       190
           8       0.17      0.16      0.16       319
           9       0.15      0.13      0.14       245
          10       0.47      0.60      0.53       769

    accuracy                           0.29      2102
   macro avg       0.14      0.14      0.13      2102
weighted avg       0.25      0.29      0.27      2102
              precision    recall  f1-score   support

           1       0.15      0.17      0.16       134
           2       0.04      0.03      0.04        34
           3       0.01      0.02      0.02        58
           4       0.07      0.06      0.06        65
           5       0.08      0.06      0.07       133
           6       0.08      0.04      0.06       143
           7       0.12      0.08      0.10       213
           8       0.12      0.12      0.12       309
           9       0.15      0.11      0.13       269
          10       0.45      0.59      0.51       744

    accuracy                           0.27      2102
   macro avg       0.13      0.13      0.13      2102
weighted avg       0.23      0.27      0.25      2102
              precision    recall  f1-score   support

           1       0.15      0.20      0.17       142
           2       0.00      0.00      0.00        45
           3       0.06      0.06      0.06        70
           4       0.12      0.06      0.08        71
           5       0.09      0.06      0.07       138
           6       0.07      0.05      0.06       146
           7       0.15      0.10      0.12       188
           8       0.17      0.18      0.18       305
           9       0.17      0.14      0.15       251
          10       0.46      0.60      0.52       746

    accuracy                           0.29      2102
   macro avg       0.15      0.14      0.14      2102
weighted avg       0.25      0.29      0.26      2102
