              precision    recall  f1-score   support

           1       0.32      0.27      0.29       153
           2       0.00      0.00      0.00        23
           3       0.17      0.09      0.12        54
           4       0.11      0.04      0.06        51
           5       0.13      0.06      0.08       127
           6       0.17      0.11      0.13       129
           7       0.18      0.12      0.14       155
           8       0.21      0.22      0.22       291
           9       0.12      0.04      0.06       282
          10       0.56      0.86      0.68       837

    accuracy                           0.42      2102
   macro avg       0.20      0.18      0.18      2102
weighted avg       0.33      0.42      0.36      2102
              precision    recall  f1-score   support

           1       0.24      0.26      0.25       132
           2       0.08      0.03      0.04        40
           3       0.08      0.04      0.05        72
           4       0.04      0.02      0.02        56
           5       0.14      0.12      0.13       136
           6       0.18      0.11      0.14       143
           7       0.15      0.13      0.14       190
           8       0.22      0.21      0.21       319
           9       0.18      0.08      0.11       245
          10       0.57      0.82      0.67       769

    accuracy                           0.38      2102
   macro avg       0.19      0.18      0.18      2102
weighted avg       0.32      0.38      0.34      2102
              precision    recall  f1-score   support

           1       0.27      0.28      0.28       134
           2       0.00      0.00      0.00        34
           3       0.09      0.09      0.09        58
           4       0.05      0.02      0.02        65
           5       0.16      0.11      0.13       133
           6       0.15      0.09      0.11       143
           7       0.16      0.11      0.13       213
           8       0.18      0.20      0.19       309
           9       0.13      0.06      0.08       269
          10       0.55      0.82      0.66       744

    accuracy                           0.37      2102
   macro avg       0.17      0.18      0.17      2102
weighted avg       0.30      0.37      0.32      2102
              precision    recall  f1-score   support

           1       0.26      0.27      0.26       142
           2       0.00      0.00      0.00        45
           3       0.07      0.04      0.05        70
           4       0.00      0.00      0.00        71
           5       0.09      0.07      0.08       138
           6       0.15      0.12      0.13       146
           7       0.15      0.10      0.12       188
           8       0.21      0.23      0.22       305
           9       0.11      0.06      0.08       251
          10       0.56      0.80      0.66       746

    accuracy                           0.37      2102
   macro avg       0.16      0.17      0.16      2102
weighted avg       0.29      0.37      0.32      2102
