              precision    recall  f1-score   support

           1       0.29      0.24      0.26       153
           2       0.00      0.00      0.00        23
           3       0.13      0.07      0.09        54
           4       0.06      0.02      0.03        51
           5       0.16      0.09      0.12       127
           6       0.11      0.06      0.08       129
           7       0.20      0.12      0.15       155
           8       0.19      0.20      0.19       291
           9       0.13      0.05      0.07       282
          10       0.56      0.84      0.67       837

    accuracy                           0.41      2102
   macro avg       0.18      0.17      0.17      2102
weighted avg       0.32      0.41      0.35      2102
              precision    recall  f1-score   support

           1       0.22      0.25      0.24       132
           2       0.17      0.05      0.08        40
           3       0.06      0.03      0.04        72
           4       0.00      0.00      0.00        56
           5       0.12      0.12      0.12       136
           6       0.09      0.05      0.06       143
           7       0.14      0.13      0.13       190
           8       0.24      0.22      0.23       319
           9       0.18      0.09      0.12       245
          10       0.57      0.81      0.67       769

    accuracy                           0.38      2102
   macro avg       0.18      0.17      0.17      2102
weighted avg       0.31      0.38      0.34      2102
              precision    recall  f1-score   support

           1       0.26      0.24      0.25       134
           2       0.17      0.03      0.05        34
           3       0.10      0.10      0.10        58
           4       0.05      0.02      0.02        65
           5       0.10      0.07      0.08       133
           6       0.12      0.07      0.09       143
           7       0.14      0.13      0.13       213
           8       0.16      0.16      0.16       309
           9       0.12      0.05      0.07       269
          10       0.56      0.82      0.67       744

    accuracy                           0.36      2102
   macro avg       0.18      0.17      0.16      2102
weighted avg       0.29      0.36      0.31      2102
              precision    recall  f1-score   support

           1       0.23      0.27      0.25       142
           2       0.00      0.00      0.00        45
           3       0.04      0.03      0.03        70
           4       0.05      0.01      0.02        71
           5       0.10      0.07      0.08       138
           6       0.08      0.07      0.07       146
           7       0.12      0.08      0.10       188
           8       0.22      0.23      0.23       305
           9       0.19      0.10      0.13       251
          10       0.56      0.80      0.66       746

    accuracy                           0.37      2102
   macro avg       0.16      0.17      0.16      2102
weighted avg       0.30      0.37      0.32      2102
