              precision    recall  f1-score   support

           1       0.28      0.28      0.28       153
           2       0.00      0.00      0.00        23
           3       0.03      0.02      0.02        54
           4       0.04      0.02      0.03        51
           5       0.12      0.09      0.10       127
           6       0.18      0.13      0.15       129
           7       0.12      0.10      0.11       155
           8       0.23      0.27      0.25       291
           9       0.13      0.08      0.10       282
          10       0.57      0.73      0.64       837

    accuracy                           0.38      2102
   macro avg       0.17      0.17      0.17      2102
weighted avg       0.33      0.38      0.35      2102
              precision    recall  f1-score   support

           1       0.23      0.30      0.26       132
           2       0.00      0.00      0.00        40
           3       0.13      0.06      0.08        72
           4       0.11      0.05      0.07        56
           5       0.12      0.12      0.12       136
           6       0.16      0.10      0.13       143
           7       0.14      0.13      0.13       190
           8       0.22      0.23      0.23       319
           9       0.14      0.10      0.12       245
          10       0.58      0.72      0.64       769

    accuracy                           0.36      2102
   macro avg       0.18      0.18      0.18      2102
weighted avg       0.31      0.36      0.33      2102
              precision    recall  f1-score   support

           1       0.24      0.25      0.24       134
           2       0.00      0.00      0.00        34
           3       0.11      0.12      0.11        58
           4       0.20      0.06      0.09        65
           5       0.11      0.10      0.10       133
           6       0.14      0.10      0.12       143
           7       0.18      0.17      0.17       213
           8       0.18      0.20      0.19       309
           9       0.15      0.09      0.11       269
          10       0.57      0.71      0.63       744

    accuracy                           0.35      2102
   macro avg       0.19      0.18      0.18      2102
weighted avg       0.31      0.35      0.32      2102
              precision    recall  f1-score   support

           1       0.23      0.30      0.26       142
           2       0.00      0.00      0.00        45
           3       0.10      0.07      0.08        70
           4       0.08      0.03      0.04        71
           5       0.16      0.13      0.14       138
           6       0.08      0.08      0.08       146
           7       0.12      0.11      0.11       188
           8       0.20      0.20      0.20       305
           9       0.13      0.09      0.11       251
          10       0.57      0.71      0.63       746

    accuracy                           0.34      2102
   macro avg       0.17      0.17      0.17      2102
weighted avg       0.29      0.34      0.31      2102
