              precision    recall  f1-score   support

           1       0.29      0.32      0.30       153
           2       0.00      0.00      0.00        23
           3       0.00      0.00      0.00        54
           4       0.04      0.02      0.03        51
           5       0.11      0.07      0.09       127
           6       0.18      0.14      0.16       129
           7       0.10      0.08      0.09       155
           8       0.20      0.23      0.21       291
           9       0.11      0.06      0.08       282
          10       0.57      0.73      0.64       837

    accuracy                           0.37      2102
   macro avg       0.16      0.17      0.16      2102
weighted avg       0.32      0.37      0.34      2102
              precision    recall  f1-score   support

           1       0.22      0.27      0.24       132
           2       0.00      0.00      0.00        40
           3       0.15      0.08      0.11        72
           4       0.04      0.02      0.02        56
           5       0.12      0.10      0.10       136
           6       0.14      0.11      0.12       143
           7       0.15      0.14      0.15       190
           8       0.21      0.22      0.21       319
           9       0.15      0.11      0.12       245
          10       0.59      0.73      0.65       769

    accuracy                           0.36      2102
   macro avg       0.18      0.18      0.17      2102
weighted avg       0.31      0.36      0.33      2102
              precision    recall  f1-score   support

           1       0.23      0.27      0.25       134
           2       0.00      0.00      0.00        34
           3       0.12      0.10      0.11        58
           4       0.05      0.02      0.02        65
           5       0.13      0.11      0.12       133
           6       0.14      0.11      0.13       143
           7       0.19      0.16      0.17       213
           8       0.18      0.19      0.18       309
           9       0.13      0.08      0.10       269
          10       0.56      0.72      0.63       744

    accuracy                           0.34      2102
   macro avg       0.17      0.18      0.17      2102
weighted avg       0.30      0.34      0.32      2102
              precision    recall  f1-score   support

           1       0.23      0.34      0.27       142
           2       0.00      0.00      0.00        45
           3       0.07      0.04      0.05        70
           4       0.04      0.01      0.02        71
           5       0.13      0.10      0.11       138
           6       0.11      0.11      0.11       146
           7       0.11      0.11      0.11       188
           8       0.21      0.21      0.21       305
           9       0.13      0.10      0.11       251
          10       0.58      0.70      0.63       746

    accuracy                           0.34      2102
   macro avg       0.16      0.17      0.16      2102
weighted avg       0.30      0.34      0.31      2102
