              precision    recall  f1-score   support

           1       0.26      0.22      0.24       153
           2       0.00      0.00      0.00        23
           3       0.07      0.04      0.05        54
           4       0.08      0.04      0.05        51
           5       0.19      0.10      0.13       127
           6       0.13      0.07      0.09       129
           7       0.19      0.13      0.15       155
           8       0.19      0.20      0.20       291
           9       0.08      0.03      0.04       282
          10       0.56      0.85      0.68       837

    accuracy                           0.41      2102
   macro avg       0.18      0.17      0.16      2102
weighted avg       0.32      0.41      0.35      2102
              precision    recall  f1-score   support

           1       0.19      0.20      0.19       132
           2       0.00      0.00      0.00        40
           3       0.08      0.04      0.05        72
           4       0.00      0.00      0.00        56
           5       0.17      0.14      0.15       136
           6       0.14      0.09      0.11       143
           7       0.17      0.13      0.15       190
           8       0.23      0.22      0.23       319
           9       0.18      0.10      0.13       245
          10       0.58      0.81      0.67       769

    accuracy                           0.38      2102
   macro avg       0.17      0.17      0.17      2102
weighted avg       0.32      0.38      0.34      2102
              precision    recall  f1-score   support

           1       0.31      0.31      0.31       134
           2       0.11      0.03      0.05        34
           3       0.09      0.07      0.08        58
           4       0.10      0.05      0.06        65
           5       0.11      0.08      0.09       133
           6       0.18      0.10      0.13       143
           7       0.15      0.11      0.13       213
           8       0.18      0.20      0.19       309
           9       0.11      0.05      0.07       269
          10       0.55      0.80      0.65       744

    accuracy                           0.37      2102
   macro avg       0.19      0.18      0.18      2102
weighted avg       0.30      0.37      0.32      2102
              precision    recall  f1-score   support

           1       0.27      0.27      0.27       142
           2       0.00      0.00      0.00        45
           3       0.12      0.10      0.11        70
           4       0.04      0.01      0.02        71
           5       0.12      0.10      0.11       138
           6       0.08      0.08      0.08       146
           7       0.12      0.09      0.10       188
           8       0.24      0.25      0.25       305
           9       0.14      0.07      0.09       251
          10       0.56      0.80      0.66       746

    accuracy                           0.37      2102
   macro avg       0.17      0.18      0.17      2102
weighted avg       0.30      0.37      0.33      2102
