              precision    recall  f1-score   support

           1       0.30      0.24      0.27       153
           2       0.00      0.00      0.00        23
           3       0.12      0.06      0.07        54
           4       0.05      0.02      0.03        51
           5       0.20      0.15      0.17       127
           6       0.13      0.09      0.10       129
           7       0.12      0.08      0.09       155
           8       0.20      0.20      0.20       291
           9       0.15      0.05      0.07       282
          10       0.57      0.84      0.68       837

    accuracy                           0.41      2102
   macro avg       0.18      0.17      0.17      2102
weighted avg       0.33      0.41      0.35      2102
              precision    recall  f1-score   support

           1       0.24      0.24      0.24       132
           2       0.12      0.05      0.07        40
           3       0.05      0.03      0.04        72
           4       0.00      0.00      0.00        56
           5       0.16      0.14      0.15       136
           6       0.15      0.10      0.12       143
           7       0.12      0.09      0.11       190
           8       0.22      0.21      0.21       319
           9       0.13      0.07      0.09       245
          10       0.57      0.80      0.66       769

    accuracy                           0.37      2102
   macro avg       0.18      0.17      0.17      2102
weighted avg       0.31      0.37      0.33      2102
              precision    recall  f1-score   support

           1       0.28      0.25      0.26       134
           2       0.33      0.09      0.14        34
           3       0.07      0.07      0.07        58
           4       0.12      0.05      0.07        65
           5       0.15      0.11      0.12       133
           6       0.16      0.09      0.12       143
           7       0.16      0.14      0.15       213
           8       0.17      0.18      0.18       309
           9       0.12      0.06      0.08       269
          10       0.55      0.80      0.65       744

    accuracy                           0.36      2102
   macro avg       0.21      0.18      0.18      2102
weighted avg       0.30      0.36      0.32      2102
              precision    recall  f1-score   support

           1       0.27      0.27      0.27       142
           2       0.10      0.02      0.04        45
           3       0.10      0.07      0.08        70
           4       0.10      0.03      0.04        71
           5       0.08      0.07      0.07       138
           6       0.08      0.06      0.07       146
           7       0.09      0.06      0.08       188
           8       0.23      0.25      0.24       305
           9       0.20      0.11      0.14       251
          10       0.57      0.80      0.66       746

    accuracy                           0.37      2102
   macro avg       0.18      0.17      0.17      2102
weighted avg       0.30      0.37      0.33      2102
